
36 0.5 1.76812886E-4 6.68289867E-5 3.47786205E-4
37 0.5 3.78884753E-4 9.78276221E-5 3.03131732E-4
38 0.5 2.27330849E-4 7.57769521E-5 2.59804365E-4
39 0.5 3.53625772E-4 9.45104621E-5 2.2681168E-4
40 0.5 2.27330849E-4 7.57769521E-5 2.0653152E-4
41 0.5 1.76812886E-4 7.57769521E-5 1.96052337E-4
42 0.5 1.51553904E-4 7.14431953E-5 1.9030791E-4
43 0.5 2.52589845E-4 7.98759211E-5 1.86397956E-4
44 0.5 1.26294923E-4 5.64808033E-5 1.83065102E-4
45 0.5 2.52589845E-4 7.98759211E-5 1.79633964E-4
46 0.5 2.52589845E-4 7.98759211E-5 1.75585767E-4
47 0.5 2.27330849E-4 7.57769521E-5 1.70741914E-4
48 0.5 5.05179669E-5 3.57215977E-5 1.65355174E-4
49 0.5 2.02071868E-4 7.14431953E-5 1.59771182E-4
50 0.5 1.76812886E-4 6.68289867E-5 1.54160589E-4
51 0.5 1.76812886E-4 6.68289867E-5 1.48506151E-4
52 0.5 1.76812886E-4 6.68289867E-5 1.43078156E-4
53 0.5 7.57769521E-5 4.3749842E-5 1.37712384E-4
54 0.5 1.26294923E-4 5.64808033E-5 1.32207657E-4
55 0.5 5.05179669E-5 3.57215977E-5 1.26556755E-4
56 0.5 1.51553904E-4 6.18716222E-5 1.21057201E-4
57 0.5 1.01035934E-4 5.05179669E-5 1.1571333E-4
58 0.5 1.51553904E-4 6.18716222E-5 1.10450761E-4
59 0.5 2.52589834E-5 4.3749842E-5 1.05378043E-4
60 0.5 2.52589834E-5 2.52589834E-5 1.00450939E-4
61 0.5 7.57769521E-5 5.64808033E-5 9.56562944E-5
62 0.5 7.57769521E-5 4.3749842E-5 9.09806768E-5
63 0.5 2.52589834E-5 2.52589834E-5 8.65907059E-5
64 0.5 1.01035934E-4 5.05179669E-5 8.24037052E-5
65 0.5 5.05179669E-5 5.05179669E-5 7.83693322E-5
66 0.5 0 3.57215977E-5 7.45369616E-5
67 0.5 7.57769521E-5 4.3749842E-5 7.09196756E-5
68 0.5 1.01035934E-4 5.05179669E-5 6.74388939E-5
69 0.5 7.57769521E-5 5.64808033E-5 6.40213329E-5
70 0.5 5.05179669E-5 3.57215977E-5 6.08022128E-5
71 0.5 5.05179669E-5 3.57215977E-5 5.77462561E-5
72 0.5 1.01035934E-4 5.05179669E-5 5.48245516E-5
73 0.5 2.52589834E-5 2.52589834E-5 5.20352369E-5
74 0.5 5.05179669E-5 3.57215977E-5 4.94323576E-5
75 0.5 5.05179669E-5 3.57215977E-5 4.69748047E-5
76 0.5 2.52589834E-5 4.3749842E-5 4.46232552E-5
77 0.5 2.52589834E-5 2.52589834E-5 4.24279569E-5
78 0.5 7.57769521E-5 4.3749842E-5 4.03776721E-5
79 0.5 5.05179669E-5 3.57215977E-5 3.84499253E-5
80 0.5 1.01035934E-4 5.05179669E-5 3.66119202E-5
81 0.5 0 0 3.49124275E-5
82 0.5 0 0 3.33049466E-5
83 0.5 5.05179669E-5 3.57215977E-5 3.17680206E-5
84 0.5 2.52589834E-5 2.52589834E-5 3.03118577E-5
85 0.5 5.05179669E-5 3.57215977E-5 2.89385043E-5
86 0.5 2.52589834E-5 2.52589834E-5 2.76327773E-5
87 0.5 2.52589834E-5 2.52589834E-5 2.63759848E-5
88 0.5 1.01035934E-4 5.05179669E-5 2.52069931E-5
89 0.5 7.57769521E-5 4.3749842E-5 2.40969111E-5
90 0.5 5.05179669E-5 3.57215977E-5 2.30328897E-5
91 0.5 -2.52589834E-5 2.52589834E-5 2.20131969E-5
92 0.5 0 0 2.10556791E-5
93 0.5 2.52589834E-5 2.52589834E-5 2.01440889E-5
94 0.5 2.52589834E-5 2.52589834E-5 1.92678199E-5
95 0.5 5.05179669E-5 5.05179669E-5 1.84467954E-5
96 0.5 2.52589834E-5 2.52589834E-5 1.76742124E-5
97 0.5 7.57769521E-5 4.3749842E-5 1.69379819E-5
98 0.5 2.52589834E-5 2.52589834E-5 1.62245815E-5
99 0.5 2.52589834E-5 2.52589834E-5 1.5550615E-5
100 0.5 5.05179669E-5 3.57215977E-5 1.48931267E-5
101 0.5 5.05179669E-5 3.57215977E-5 1.42374183E-5
102 0.5 5.05179669E-5 3.57215977E-5 1.35879045E-5
103 0.5 0 0 1.29456166E-5
104 0.5 5.05179669E-5 3.57215977E-5 1.23003938E-5
105 0.5 0 0 1.16396714E-5
106 0.5 -2.52589834E-5 2.52589834E-5 1.09962084E-5
107 0.5 0 0 1.0375742E-5
108 0.5 0 3.57215977E-5 9.79228298E-6
109 0.5 7.57769521E-5 4.3749842E-5 9.26193752E-6
110 0.5 0 3.57215977E-5 8.80032712E-6
111 0.5 2.52589834E-5 2.52589834E-5 8.39455515E-6
112 0.5 2.52589834E-5 2.52589834E-5 8.02937302E-6
113 0.5 2.52589834E-5 2.52589834E-5 7.70262795E-6
114 0.5 2.52589834E-5 2.52589834E-5 7.40346695E-6
115 0.5 0 0 7.12442352E-6
116 0.5 5.05179669E-5 3.57215977E-5 6.85946861E-6
117 0.5 2.52589834E-5 2.52589834E-5 6.61302192E-6
118 0.5 0 0 6.37328503E-6
119 0.5 5.05179669E-5 3.57215977E-5 6.12959593E-6
120 0.5 0 0 5.87665681E-6
121 0.5 0 0 5.61054276E-6
122 0.5 0 0 5.32492322E-6
123 0.5 0 0 5.01198429E-6
124 0.5 5.05179669E-5 3.57215977E-5 4.68439885E-6
125 0.5 5.05179669E-5 3.57215977E-5 4.34527556E-6
126 0.5 2.52589834E-5 2.52589834E-5 4.00527006E-6
127 0.5 2.52589834E-5 2.52589834E-5 3.68148744E-6
128 0.5 2.52589834E-5 2.52589834E-5 3.39606504E-6
129 0.5 2.52589834E-5 2.52589834E-5 3.15293687E-6
130 0.5 0 0 2.95097061E-6
131 0.5 0 0 2.7897604E-6
132 0.5 2.52589834E-5 2.52589834E-5 2.65855419E-6
133 0.5 0 0 2.54658949E-6
134 0.5 0 0 2.44431681E-6
135 0.5 0 0 2.34817549E-6
136 0.5 2.52589834E-5 2.52589834E-5 2.25064628E-6
137 0.5 0 0 2.14602551E-6
138 0.5 0 0 2.03215563E-6
139 0.5 0 0 1.90907554E-6
140 0.5 5.05179669E-5 3.57215977E-5 1.7769953E-6
141 0.5 0 0 1.63721631E-6
142 0.5 0 0 1.50047697E-6
143 0.5 0 0 1.37074301E-6
144 0.5 0 0 1.25202826E-6
145 0.5 2.52589834E-5 2.52589834E-5 1.14779664E-6
146 0.5 0 0 1.06095627E-6
147 0.5 0 0 9.89563546E-7
148 0.5 0 0 9.31680518E-7
149 0.5 0 0 8.86914279E-7
150 0.5 0 0 8.52546748E-7
151 0.5 0 0 8.26034295E-7
152 0.5 0 0 8.05030425E-7
153 0.5 0 0 7.88093075E-7
154 0.5 0 0 7.73337149E-7
155 0.5 0 0 7.59634474E-7
156 0.5 2.52589834E-5 2.52589834E-5 7.46581406E-7
157 0.5 0 0 7.33924651E-7
158 0.5 0 0 7.21308083E-7
159 0.5 0 0 7.08392804E-7
160 0.5 0 0 6.95612812E-7
161 0.5 0 0 6.82829238E-7
162 0.5 0 0 6.69873089E-7
163 0.5 0 0 6.56635507E-7
164 0.5 0 0 6.43307146E-7
165 0.5 0 0 6.29700594E-7
166 0.5 0 0 6.15577846E-7
167 0.5 5.05179669E-5 3.57215977E-5 6.01203226E-7
168 0.5 0 0 5.86480951E-7
169 0.5 0 0 5.71317571E-7
170 0.5 0 0 5.55495717E-7
171 0.5 0 0 5.39607527E-7
172 0.5 0 0 5.2362509E-7
173 0.5 2.52589834E-5 2.52589834E-5 5.07704044E-7
174 0.5 0 0 4.92420156E-7
175 0.5 2.52589834E-5 2.52589834E-5 4.78191396E-7
176 0.5 0 0 4.65131563E-7
177 0.5 0 0 4.53111937E-7
178 0.5 0 0 4.42508366E-7
179 0.5 0 0 4.32899441E-7
180 0.5 0 0 4.23958085E-7
181 0.5 0 0 4.15449591E-7
182 0.5 2.52589834E-5 2.52589834E-5 4.07375722E-7
183 0.5 0 0 3.99497992E-7
184 0.5 0 0 3.91639759E-7
185 0.5 2.52589834E-5 2.52589834E-5 3.83972491E-7
186 0.5 2.52589834E-5 2.52589834E-5 3.76455233E-7
187 0.5 5.05179669E-5 3.57215977E-5 3.69018721E-7
188 0.5 0 0 3.61587951E-7
189 0.5 0 0 3.54337203E-7
190 0.5 0 0 3.4708134E-7
191 0.5 0 0 3.39677825E-7
192 0.5 2.52589834E-5 2.52589834E-5 3.3218825E-7
193 0.5 0 0 3.24674119E-7
194 0.5 0 0 3.17132702E-7
195 0.5 0 0 3.09472995E-7
196 0.5 0 0 3.02058311E-7
197 0.5 0 0 2.94829164E-7
198 0.5 0 0 2.87771513E-7
199 0.5 0 0 2.80920858E-7
200 0.5 2.52589834E-5 2.52589834E-5 2.74442527E-7
201 0.5 0 0 2.68264927E-7
202 0.5 0 0 2.62296226E-7
203 0.5 0 0 2.56660826E-7
204 0.5 0 0 2.51273519E-7
205 0.5 2.52589834E-5 2.52589834E-5 2.46072062E-7
206 0.5 0 0 2.40979091E-7
207 0.5 0 0 2.36109017E-7
208 0.5 0 0 2.31337509E-7
209 0.5 0 0 2.26588725E-7
210 0.5 0 0 2.2192097E-7
211 0.5 0 0 2.17369177E-7
212 0.5 0 0 2.12885467E-7
213 0.5 0 0 2.08371645E-7
214 0.5 0 0 2.03989373E-7
215 0.5 0 0 1.99661386E-7
216 0.5 0 0 1.95374469E-7
217 0.5 0 0 1.91154967E-7
218 0.5 0 0 1.87096902E-7
219 0.5 0 0 1.83166804E-7
220 0.5 0 0 1.79330883E-7
221 0.5 0 0 1.75696869E-7
222 0.5 0 0 1.72226862E-7
223 0.5 0 0 1.68876838E-7
224 0.5 0 0 1.65594614E-7
225 0.5 0 0 1.62458292E-7
226 0.5 2.52589834E-5 2.52589834E-5 1.59404124E-7
227 0.5 0 0 1.56390271E-7
228 0.5 0 0 1.53461244E-7
229 0.5 0 0 1.50624729E-7
230 0.5 0 0 1.47850798E-7
231 0.5 0 0 1.45082538E-7
232 0.5 0 0 1.4241833E-7
233 0.5 0 0 1.39798772E-7
234 0.5 0 0 1.37192018E-7
235 0.5 0 0 1.34599532E-7
236 0.5 0 0 1.32059142E-7
237 0.5 0 0 1.29538677E-7
238 0.5 2.52589834E-5 2.52589834E-5 1.27012228E-7
239 0.5 2.52589834E-5 2.52589834E-5 1.24564636E-7
240 0.5 0 0 1.22185952E-7
241 0.5 0 0 1.19855301E-7
242 0.5 0 0 1.1754188E-7
243 0.5 2.52589834E-5 2.52589834E-5 1.1530814E-7
244 0.5 0 0 1.13119157E-7
245 0.5 0 0 1.10959853E-7
246 0.5 0 0 1.08871411E-7
247 0.5 0 0 1.0685693E-7
248 0.5 2.52589834E-5 2.52589834E-5 1.048912E-7
249 0.5 0 0 1.02928503E-7
250 0.5 0 0 1.01040449E-7
251 0.5 0 0 9.9185165E-8
252 0.5 0 0 9.73467351E-8
253 0.5 0 0 9.55338919E-8
254 0.5 0 0 9.37766771E-8
255 0.5 0 0 9.20535754E-8
256 0.5 0 0 9.03368829E-8
257 0.5 0 0 8.8672742E-8
258 0.5 0 0 8.70468071E-8
259 0.5 0 0 8.54453788E-8
260 0.5 0 0 8.38587795E-8
261 0.5 0 0 8.23303381E-8
262 0.5 0 0 8.0832173E-8
263 0.5 0 0 7.93463926E-8
264 0.5 0 0 7.78968854E-8
265 0.5 0 0 7.64887105E-8
266 0.5 0 0 7.51102149E-8
267 0.5 0 0 7.3734455E-8
268 0.5 0 0 7.24145366E-8
269 0.5 0 0 7.11211712E-8
270 0.5 0 0 6.98438569E-8
271 0.5 -2.52589834E-5 2.52589834E-5 6.85893937E-8
272 0.5 0 0 6.73762628E-8
273 0.5 0 0 6.61893296E-8
274 0.5 2.52589834E-5 2.52589834E-5 6.50077681E-8
275 0.5 0 0 6.38630198E-8
276 0.5 0 0 6.27419254E-8
277 0.5 0 0 6.16335427E-8
278 0.5 0 0 6.05311428E-8
279 0.5 0 0 5.94637122E-8
280 0.5 2.52589834E-5 2.52589834E-5 5.84134874E-8
281 0.5 0 0 5.73671919E-8
282 0.5 0 0 5.63420741E-8
283 0.5 0 0 5.53411006E-8
284 0.5 0 0 5.43556737E-8
285 0.5 0 0 5.33673763E-8
286 0.5 0 0 5.24135402E-8
287 0.5 0 0 5.14741316E-8
288 0.5 0 0 5.05430116E-8
289 0.5 0 0 4.96256476E-8
290 0.5 0 0 4.87348792E-8
291 0.5 0 0 4.78588795E-8
292 0.5 0 0 4.69836579E-8
293 0.5 0 0 4.6135554E-8
294 0.5 0 0 4.53062441E-8
295 0.5 0 0 4.44888002E-8
296 0.5 0 0 4.36782379E-8
297 0.5 0 0 4.28956497E-8
298 0.5 0 0 4.21277306E-8
299 0.5 0 0 4.13651868E-8
300 0.5 0 0 4.06212095E-8
301 0.5 0 0 3.98968361E-8
302 0.5 0 0 3.91851316E-8
303 0.5 0 0 3.84730861E-8
304 0.5 2.52589834E-5 2.52589834E-5 3.77871707E-8
305 0.5 0 0 3.71128372E-8
306 0.5 0 0 3.64441917E-8
307 0.5 0 0 3.57847547E-8
308 0.5 0 0 3.51427438E-8
309 0.5 0 0 3.45106841E-8
310 0.5 0 0 3.38782939E-8
311 0.5 0 0 3.32652483E-8
312 0.5 0 0 3.26647154E-8
313 0.5 0 0 3.20722435E-8
314 0.5 2.52589834E-5 2.52589834E-5 3.14848982E-8
315 0.5 0 0 3.09175867E-8
316 0.5 0 0 3.03609156E-8
317 0.5 0 0 2.98078184E-8
318 0.5 0 0 2.92686249E-8
319 0.5 0 0 2.87433171E-8
320 0.5 0 0 2.82274204E-8
321 0.5 0 0 2.77118684E-8
322 0.5 0 0 2.72152754E-8
323 0.5 0 0 2.67272195E-8
324 0.5 0 0 2.62432618E-8
325 0.5 0 0 2.57663331E-8
326 0.5 0 0 2.53019028E-8
327 0.5 0 0 2.48441729E-8
328 0.5 2.52589834E-5 2.52589834E-5 2.43849367E-8
329 0.5 0 0 2.39385205E-8
330 0.5 0 0 2.34991351E-8
331 0.5 0 0 2.30627997E-8
332 0.5 0 0 2.26274217E-8
333 0.5 0 0 2.22044463E-8
334 0.5 0 0 2.17881624E-8
335 0.5 2.52589834E-5 2.52589834E-5 2.13739693E-8
336 0.5 2.52589834E-5 2.52589834E-5 2.09703277E-8
337 0.5 0 0 2.05768522E-8
338 0.5 0 0 2.01899439E-8
339 0.5 0 0 1.98028651E-8
340 0.5 0 0 1.94291996E-8
341 0.5 0 0 1.90616802E-8
342 0.5 0 0 1.86973192E-8
343 0.5 0 0 1.83398328E-8
344 0.5 0 0 1.79931359E-8
345 0.5 0 0 1.76529973E-8
346 0.5 0 0 1.73133525E-8
347 0.5 0 0 1.69850747E-8
348 0.5 0 0 1.6663698E-8
349 0.5 0 0 1.63466058E-8
350 0.5 2.52589834E-5 2.52589834E-5 1.60326614E-8
351 0.5 0 0 1.57294888E-8
352 0.5 0 0 1.54322173E-8
353 0.5 0 0 1.513685E-8
354 0.5 0 0 1.4849304E-8
355 0.5 0 0 1.45688945E-8
356 0.5 0 0 1.42931649E-8
357 0.5 0 0 1.40177434E-8
358 0.5 0 0 1.37523353E-8
359 0.5 0 0 1.34916966E-8
360 0.5 0 0 1.32335742E-8
361 0.5 0 0 1.29802746E-8
362 0.5 2.52589834E-5 2.52589834E-5 1.27344491E-8
363 0.5 0 0 1.24933397E-8
364 0.5 0 0 1.22527597E-8
365 0.5 0 0 1.20206796E-8
366 0.5 0 0 1.17937597E-8
367 0.5 0 0 1.15700658E-8
368 0.5 0 0 1.13488978E-8
369 0.5 2.52589834E-5 2.52589834E-5 1.11352598E-8
370 0.5 -2.52589834E-5 2.52589834E-5 1.09256124E-8
371 0.5 0 0 1.0716751E-8
372 0.5 0 0 1.05126468E-8
373 0.5 0 0 1.03124931E-8
374 0.5 0 0 1.01145936E-8
375 0.5 0 0 9.91615323E-9
376 0.5 0 0 9.72430136E-9
377 0.5 0 0 9.53565404E-9
378 0.5 0 0 9.34869782E-9
379 0.5 0 0 9.16532716E-9
380 0.5 0 0 8.98744545E-9
381 0.5 -2.52589834E-5 2.52589834E-5 8.81315376E-9
382 0.5 0 0 8.63936922E-9
383 0.5 0 0 8.47201687E-9
384 0.5 0 0 8.30856273E-9
385 0.5 0 0 8.14767276E-9
386 0.5 0 0 7.98895972E-9
387 0.5 0 0 7.83593546E-9
388 0.5 0 0 7.68618325E-9
389 0.5 0 0 7.53758567E-9
390 0.5 0 0 7.39327133E-9
391 0.5 2.52589834E-5 2.52589834E-5 7.25282367E-9
392 0.5 0 0 7.11491444E-9
393 0.5 0 0 6.97766156E-9
394 0.5 0 0 6.84563783E-9
395 0.5 0 0 6.71627198E-9
396 0.5 0 0 6.58830324E-9
397 0.5 2.52589834E-5 2.52589834E-5 6.46301723E-9
398 0.5 0 0 6.34143715E-9
399 0.5 0 0 6.22224894E-9
400 0.5 0 0 6.10316775E-9
401 0.5 0 0 5.98816152E-9
402 0.5 0 0 5.87549076E-9
403 0.5 0 0 5.76411896E-9
404 0.5 0 0 5.65396752E-9
405 0.5 2.52589834E-5 2.52589834E-5 5.54725599E-9
406 0.5 0 0 5.44236078E-9
407 0.5 0 0 5.33787814E-9
408 0.5 0 0 5.23611465E-9
409 0.5 0 0 5.13678033E-9
410 0.5 0 0 5.03896525E-9
411 0.5 0 0 4.94147745E-9
412 0.5 0 0 4.84737184E-9
413 0.5 0 0 4.75492179E-9
414 0.5 0 0 4.66308858E-9
415 0.5 0 0 4.57281679E-9
416 0.5 0 0 4.48484583E-9
417 0.5 0 0 4.39810632E-9
418 0.5 0 0 4.31098046E-9
419 0.5 0 0 4.22643431E-9
420 0.5 0 0 4.14321955E-9
421 0.5 0 0 4.06071798E-9
422 0.5 0 0 3.97894828E-9
423 0.5 0 0 3.89963173E-9
424 0.5 0 0 3.82160792E-9
425 0.5 0 0 3.74387321E-9
426 0.5 0 0 3.66825792E-9
427 0.5 0 0 3.59443897E-9
428 0.5 0 0 3.5218235E-9
429 0.5 0 0 3.44947226E-9
430 0.5 2.52589834E-5 2.52589834E-5 3.37976203E-9
431 0.5 0 0 3.31137273E-9
432 0.5 0 0 3.24363425E-9
433 0.5 0 0 3.17734727E-9
434 0.5 0 0 3.11294701E-9
435 0.5 0 0 3.04981418E-9
436 0.5 0 0 2.98673286E-9
437 0.5 0 0 2.92596924E-9
438 0.5 0 0 2.86641688E-9
439 0.5 2.52589834E-5 2.52589834E-5 2.80754731E-9
440 0.5 0 0 2.74942491E-9
441 0.5 0 0 2.69312395E-9
442 0.5 0 0 2.63787414E-9
443 0.5 0 0 2.58280841E-9
444 0.5 0 0 2.52922505E-9
445 0.5 0 0 2.47687604E-9
446 0.5 0 0 2.42528109E-9
447 0.5 0 0 2.37391129E-9
448 0.5 0 0 2.32433051E-9
449 0.5 0 0 2.27563812E-9
450 0.5 0 0 2.22736651E-9
451 0.5 0 0 2.1801263E-9
452 0.5 0 0 2.13426943E-9
453 0.5 0 0 2.08933559E-9
454 0.5 0 0 2.04446726E-9
455 0.5 0 0 2.00131645E-9
456 0.5 0 0 1.95906491E-9
457 0.5 0 0 1.91733829E-9
458 0.5 0 0 1.87621163E-9
459 0.5 0 0 1.83638826E-9
460 0.5 0 0 1.79731641E-9
461 0.5 0 0 1.75836856E-9
462 0.5 0 0 1.72048242E-9
463 0.5 0 0 1.68344416E-9
464 0.5 0 0 1.64693259E-9
465 0.5 0 0 1.61057545E-9
466 0.5 0 0 1.57550561E-9
467 0.5 0 0 1.54107804E-9
468 0.5 0 0 1.50694524E-9
469 0.5 0 0 1.47357548E-9
470 0.5 0 0 1.44116608E-9
471 0.5 0 0 1.40944567E-9
472 0.5 0 0 1.37781908E-9
473 0.5 0 0 1.34744393E-9
474 0.5 0 0 1.31775835E-9
475 0.5 0 0 1.28849875E-9
476 0.5 0 0 1.25976574E-9
477 0.5 0 0 1.23204147E-9
478 0.5 0 0 1.20492061E-9
479 0.5 2.52589834E-5 2.52589834E-5 1.17799626E-9
480 0.5 0 0 1.15193444E-9
481 0.5 0 0 1.12652998E-9
482 0.5 0 0 1.10157383E-9
483 0.5 0 0 1.07681486E-9
484 0.5 0 0 1.05296072E-9
485 0.5 0 0 1.02962028E-9
486 0.5 0 0 1.00652131E-9
487 0.5 0 0 9.83995663E-10
488 0.5 0 0 9.62166125E-10
489 0.5 0 0 9.4081698E-10
490 0.5 0 0 9.19559484E-10
491 0.5 0 0 8.99186003E-10
492 0.5 0 0 8.79271267E-10
493 0.5 0 0 8.596589E-10
494 0.5 0 0 8.40395864E-10
495 0.5 -2.52589834E-5 2.52589834E-5 8.21780977E-10
496 0.5 0 0 8.03574485E-10
497 0.5 0 0 7.85485399E-10
498 0.5 0 0 7.67987396E-10
499 0.5 0 0 7.50948692E-10
500 0.5 0 0 7.34208805E-10
501 0.5 0 0 7.17642556E-10
502 0.5 0 0 7.01710023E-10
503 0.5 0 0 6.86127155E-10
504 0.5 0 0 6.70723976E-10
505 0.5 0 0 6.55726917E-10
506 0.5 0 0 6.41182163E-10
507 0.5 0 0 6.26968866E-10
508 0.5 0 0 6.12803086E-10
509 0.5 2.52589834E-5 2.52589834E-5 5.99229222E-10
510 0.5 0 0 5.85978321E-10
511 0.5 0 0 5.72942083E-10
512 0.5 0 0 5.60171465E-10
513 0.5 0 0 5.4787741E-10
514 0.5 0 0 5.35889444E-10
515 0.5 0 0 5.24010391E-10
516 0.5 -2.52589834E-5 2.52589834E-5 5.12571985E-10
517 0.5 0 0 5.01457098E-10
518 0.5 0 0 4.90576413E-10
519 0.5 0 0 4.79839668E-10
520 0.5 0 0 4.69527472E-10
521 0.5 0 0 4.59467214E-10
522 0.5 0 0 4.49532328E-10
523 0.5 0 0 4.39877412E-10
524 0.5 0 0 4.30541713E-10
525 0.5 0 0 4.21436941E-10
526 0.5 0 0 4.12382045E-10
527 0.5 0 0 4.03732159E-10
528 0.5 0 0 3.952913E-10
529 0.5 0 0 3.86981142E-10
530 0.5 0 0 3.78843179E-10
531 0.5 0 0 3.70988545E-10
532 0.5 0 0 3.63309244E-10
533 0.5 0 0 3.55687424E-10
534 0.5 0 0 3.48327922E-10
535 0.5 0 0 3.41163153E-10
536 0.5 0 0 3.34127337E-10
537 0.5 0 0 3.27168403E-10
538 0.5 0 0 3.20477811E-10
539 0.5 2.52589834E-5 2.52589834E-5 3.1393807E-10
540 0.5 0 0 3.07464998E-10
541 0.5 0 0 3.01173947E-10
542 0.5 0 0 2.95072661E-10
543 0.5 0 0 2.89103269E-10
544 0.5 0 0 2.83160662E-10
545 0.5 0 0 2.77461693E-10
546 0.5 0 0 2.71892009E-10
547 0.5 0 0 2.66397265E-10
